min
temps=6500:4100
latlon=55.750000:37.583000
speed=1000
method=Auto
map=177.00|100.00;3.00|100.00;-6.00|0.00;-174.00|0.00;
